  [1]  54.269  31.166  50.435  63.714  71.386  52.598  28.485 160.371  28.327
 [10]  59.438  34.415  86.862  54.617  60.766  63.751  68.980  46.526  42.453
 [19]  51.342  41.882  67.094  40.975  35.905   6.493  63.266  24.142  48.658
 [28]  80.086  40.628  38.397  56.447  65.599  33.522  29.139  60.787  54.687
 [37]  60.739  33.286  45.635  47.059  45.555  38.722  42.755  47.419  70.077
 [46]  30.952  37.381  47.993  30.142  48.268  42.742  29.591  18.730  55.813
 [55]  25.685  43.408  50.419  91.756  29.858  41.228  70.310   5.449  26.503
 [64]  33.146  32.979  35.063  33.148  28.526  78.820  50.928  41.208  75.639
 [73]  43.143  17.044  51.209  37.464  11.905  39.874  36.787  67.546  45.389
 [82]  61.892  67.628  29.947  56.494  29.490  57.597  90.500  72.831  88.857
 [91]   6.765  21.680  17.762  16.375  18.337  44.119  62.579  18.389  25.340
[100]  58.235  31.582  53.194  26.579  38.826  61.487  88.433  21.123  24.356
[109]  54.046  62.241  26.748  29.945  60.120  55.143  40.351  34.544  30.895
[118] 104.964  44.934  43.343  61.319  57.058  36.366  28.939  47.962  17.644
[127]  68.461  68.542  38.758  44.361  79.083  71.056  51.210  40.844  71.960
[136]  24.873  61.630  11.807  54.204  13.875  99.410  37.872  30.806  28.195
[145]  49.211  23.551  76.131  44.262  24.699  72.690  27.430  52.308  45.020
[154]  49.172 115.536  25.645  23.055  54.363  33.832  87.593  64.072 115.634
[163]  57.181  39.153  63.074  59.436  71.560  65.182  81.609